Gucy1a1
Gucy1b1
Gucy2c
Gucy2d
Gucy2e
Gucy2f
Gucy2g
Nppa
Nppb
Nppc
Npr1
Npr2
Npr3
Ostn
